===========================================================================
===========================================================================
5143
5144
3120
9264
3121
9265
3148
3149
17487
17488
15462
15463
15471
15472
6267
6268
6269
6270
6273
15489
6274
15490
6275
15491
6276
15492
6277
6278
16536
16537
16539
18587
18588
18589
3279
3280
16592
16593
16594
16595
16596
16597
16598
16599
16600
16601
16602
3304
3305
16631
16632
16633
250
16634
251
2307
2308
10506
7435
10507
7436
7437
7438
7439
7440
7441
7442
7443
7444
7445
7446
7447
281
282
5437
5438
15689
3402
15690
3403
3404
3410
3411
3412
3413
3414
3415
3416
13656
3417
3418
3419
3420
3421
3422
3423
5475
3427
5476
3433
3434
3435
3436
3447
3448
1406
1407
5508
396
397
1431
1432
14744
14745
434
435
11699
5558
11702
5559
11703
5560
11704
11705
11706
11707
5564
5565
5568
5569
5570
11717
11718
11719
11720
19912
11721
19913
11722
19915
19916
11725
11726
19918
11727
19919
11728
19920
11729
19921
12754
19922
12755
19923
19924
19925
19926
19927
12760
12761
18905
12762
18906
6621
19934
19935
12768
12769
19938
12771
19939
12772
19940
12773
19941
19942
19943
19944
19945
19946
19947
19948
19949
19950
19951
4592
19952
4593
12785
19953
4594
12786
19954
19955
19956
19957
19958
19959
19960
19961
19962
19963
1532
1533
5630
6667
2576
3600
7696
2577
3601
10778
539
10779
540
2588
2589
2590
543
544
545
2597
16943
2611
11830
11831
14914
14915
14916
14918
14919
10828
10829
10830
10831
10832
10833
10834
10835
10836
10837
5721
5722
5725
5726
12921
3710
3711
3712
3713
12929
12930
3714
3715
3716
3717
3719
16010
16011
1683
1684
11938
11939
1714
1715
11956
1732
1733
11983
11984
13009
13010
13011
724
725
7922
3836
3837
18185
18186
18187
18188
18189
5910
5911
5925
1832
1833
1834
2880
833
2881
834
17226
17227
1868
1869
852
853
869
870
6001
6002
6003
6004
6005
6006
6007
6008
6009
6010
6011
6012
6013
6014
6015
6016
6017
6018
6019
6020
6021
6022
6023
6024
6025
6026
6027
6028
6029
6030
6031
6032
6033
6034
6035
6036
6037
6038
6039
6040
6041
6042
17306
6043
17307
3996
6044
17308
3997
6045
17309
6046
17310
6047
17311
6048
17312
6049
6050
6051
6052
6053
6054
6055
6056
6057
6058
6059
6060
6061
6062
6063
6064
6065
6066
6067
1972
6068
1973
6069
1974
6070
1975
4023
6071
4024
6072
6073
14265
6074
6075
6076
14269
14270
3008
3009
14273
14274
14275
3018
3019
2000
2001
14297
2021
===========================================================================
